long,lat,time,code
-46.587447,-23.128208,1434529879.0,22597
-80.122587,26.202249,1434529931.0,22880
-75.608785,38.358141,1434529944.0,22945
-80.360941,25.69289,1434529986.0,23236
-122.526169,37.98843,1434529999.0,23310
123.897683,10.320982,1434530323.0,25973
114.596458,-3.294216,1434530348.0,26348
-122.594289,45.5021,1434530373.0,26719
-78.853521,35.735308,1434530437.0,27501
-69.951897,18.460458,1434530441.0,27532
-80.204369,25.800261,1434530471.0,27793
-86.862618,36.491413,1434530473.0,27816
123.897683,10.320982,1434530518.0,28125
-50.584449,-22.954113,1434530711.0,29001
115.22669,-8.69075,1434530722.0,29047
-91.534897,14.851378,1434530780.0,29222
-43.287516,-22.681609,1434530845.0,29394
35.491315,33.88479,1434530896.0,29601
-82.774669,41.348881,1434530978.0,29924
-79.191274,37.35057,1434531045.0,30121
-99.467228,27.504656,1434531248.0,30583
-97.110486,32.853979,1434531751.0,31991
120.97954,14.452564,1434531753.0,32000
2.16946,48.68346,1434531759.0,32034
121.052709,14.637519,1434531823.0,32279
2.16946,48.68346,1434532181.0,33252
121.052709,14.637518,1434532247.0,33512
-70.930831,41.660271,1434532791.0,34733
-64.662475,10.15557,1434532906.0,35596
-66.064509,18.447207,1434532935.0,35760
-55.852369,-27.34384,1434532944.0,35799
-81.449447,28.529141,1434533052.0,36222
121.017075,14.621877,1434533083.0,36356
-83.094057,40.121005,1434533473.0,37553
-115.243522,36.058113,1434533550.0,37697
-83.093919,40.120462,1434533581.0,37746
-122.069837,37.359624,1434533722.0,38107
-122.069773,37.359588,1434533769.0,38224
-111.893357,40.62548,1434534032.0,38879
121.009014,14.622325,1434535175.0,42173
120.975886,13.814459,1434535235.0,42415
-99.217173,19.371972,1434535366.0,42881
-81.870931,41.120545,1434535392.0,42969
-51.084848,-30.031091,1434535533.0,43330
-83.832201,43.028585,1434535556.0,43380
-66.007005,18.39321,1434535587.0,43468
-92.932579,17.984459,1434535625.0,43583
-57.56174,-25.233971,1434535699.0,43785
-81.804314,41.477391,1434535767.0,43980
139.661754,35.707425,1434535787.0,44056
-122.06982,37.359695,1434535849.0,44390
-92.460422,44.010724,1434535860.0,44458
-64.662475,10.155571,1434535861.0,44463
-122.069806,37.359696,1434535919.0,44775
-51.112094,-30.220272,1434535924.0,44816
-118.172909,33.869646,1434536028.0,45368
-82.450582,8.406503,1434536039.0,45414
-122.069819,37.359628,1434536372.0,46621
-82.822431,40.057979,1434536397.0,46827
28.343698,-25.761218,1434536409.0,46923
-121.595154,36.682591,1434536424.0,47014
-2.237104,53.482797,1434536475.0,47254
-64.662475,10.155569,1434536512.0,47406
-57.561738,-25.233969,1434536852.0,48361
-75.142035,40.08751,1434536960.0,48762
-122.258659,37.867619,1434536982.0,48829
78.482804,17.473079,1434537156.0,49558
-84.117553,34.120633,1434537183.0,49681
32.621567,0.414798,1434537277.0,50217
-84.383491,33.767514,1434537282.0,50257
-50.584448,-22.954112,1434537290.0,50311
-121.594399,36.677778,1434537354.0,50708
-49.963353,-22.222799,1434537386.0,50859
-84.117538,34.120659,1434537406.0,50980
-43.287471,-22.681686,1434537447.0,51224
-3.718596,40.47483,1434537473.0,51353
-108.170811,36.74168,1434537690.0,52234
-74.166321,40.693987,1434537719.0,52388
3.33973,6.48447,1434537749.0,52568
-157.825223,21.278685,1434537848.0,53104
-81.280995,28.797139,1434537866.0,53316
-96.882191,33.085447,1434537871.0,53368
-90.270291,38.550814,1434537881.0,53517
-74.969637,40.018724,1434537883.0,53526
-100.437847,25.680142,1434537892.0,53644
-80.411648,25.698648,1434537952.0,54570
-88.38404,42.177968,1434538008.0,55231
-73.152487,40.721105,1434538099.0,56089
-93.455592,41.690439,1434538107.0,56153
120.999196,14.586096,1434538125.0,56306
-73.152469,40.721101,1434538146.0,56502
-81.603889,41.415431,1434538160.0,56609
123.750604,13.168125,1434538173.0,56705
-95.241851,29.644821,1434538186.0,56825
-79.441008,9.065699,1434538221.0,57157
-58.678549,-34.686336,1434538262.0,57524
-103.419752,20.636239,1434538269.0,57575
-75.26715,43.067319,1434538394.0,58609
-58.678549,-34.686336,1434538396.0,58624
-52.420394,-29.734718,1434538486.0,59203
123.750609,13.168125,1434538507.0,59272
-121.594567,36.678867,1434538518.0,59312
-121.595218,36.683251,1434538567.0,59604
-76.98255,38.9088,1434538644.0,60014
78.48274,17.473142,1434538736.0,60715
-56.183295,-34.910531,1434538742.0,60799
-121.630959,36.678,1434538757.0,61111
-73.869517,40.757979,1434538788.0,61878
-122.594272,45.502078,1434538802.0,62246
-64.662474,10.15557,1434538808.0,62429
-93.188454,18.413887,1434538816.0,62659
-81.407486,28.365453,1434538833.0,63174
-122.069842,37.35957,1434538842.0,63395
-82.292544,27.925788,1434538842.0,63409
120.992196,14.676725,1434538846.0,63511
-119.090307,35.406043,1434538882.0,64550
-106.751789,32.368292,1434538901.0,65117
-107.16097,44.908194,1434538916.0,65557
-43.348806,-22.933766,1434538934.0,66089
-87.933824,15.478857,1434538937.0,66176
-57.497363,-25.26686,1434538981.0,67401
-85.129314,41.206886,1434539069.0,70876
-97.863474,30.567298,1434539101.0,72343
-0.055327,51.605274,1434539118.0,73007
-82.49316,27.916198,1434539125.0,73259
-97.974704,26.247244,1434539181.0,75181
-94.907023,33.014735,1434539217.0,76127
-122.247947,37.474722,1434539233.0,76561
-84.378563,33.936394,1434539242.0,76789
-66.054782,18.403117,1434539249.0,76996
-89.972156,34.622623,1434539310.0,78353
55.72504,24.1816,1434539328.0,78782
-81.689552,41.496883,1434539363.0,79657
120.97628,14.593459,1434539445.0,80969
-99.1329,19.4319,1434539540.0,82345
-64.662474,10.155571,1434539544.0,82386
121.035317,14.456589,1434539587.0,82934
139.772641,35.700656,1434539687.0,84454
-96.877614,32.697857,1434539718.0,84860
-66.8983,10.496,1434539834.0,86488
-90.5249,14.618,1434539842.0,86592
-58.307032,-26.871875,1434539867.0,86971
-83.714527,43.028108,1434539895.0,87404
-52.420396,-29.734717,1434539994.0,88701
121.073662,14.548081,1434540000.0,88776
3.411519,6.421034,1434540250.0,91597
-122.444604,37.73204,1434540390.0,92836
-80.733588,35.220427,1434540422.0,93162
-87.868833,42.368947,1434540469.0,93714
-75.166455,39.939978,1434540544.0,94874
