long,lat,time,code
-78.442627,-0.096688,1434529769.0,140307
-2.002978,51.434713,1434529781.0,140858
-122.202786,37.750544,1434529782.0,140909
-117.160995,32.711747,1434529801.0,141828
-122.202786,37.750544,1434529803.0,141903
-81.28241,28.791639,1434529807.0,142105
-118.203839,33.991493,1434529807.0,142107
-122.241602,38.083993,1434529820.0,142811
-74.640944,40.136891,1434529839.0,143772
-99.889214,16.875122,1434529843.0,143962
-87.676348,41.832902,1434529846.0,144136
-79.952443,34.442951,1434529847.0,144214
-98.11168,26.193501,1434529848.0,144251
-84.452752,39.138948,1434529851.0,144403
-88.44213,42.597354,1434529853.0,144533
0.3886,46.56601,1434529876.0,145664
-97.777211,30.459543,1434529888.0,146285
106.79497,-6.23975,1434529894.0,146586
-58.562489,-34.609593,1434529895.0,146641
-78.442576,-0.096674,1434529896.0,146722
-111.939774,33.424225,1434529906.0,147212
-95.981328,41.30115,1434529916.0,147697
-70.699128,19.416946,1434529925.0,148168
120.963164,14.620468,1434529928.0,148277
-81.865079,41.321023,1434529935.0,148645
-76.848712,40.238113,1434529938.0,148824
-4.105243,40.942726,1434529948.0,149263
-80.903055,33.672497,1434529982.0,150856
-79.864309,-2.140872,1434529985.0,150990
120.994942,14.628724,1434529995.0,151425
-122.94044,45.51864,1434530017.0,152303
-81.557097,41.564382,1434530027.0,152722
-122.203071,37.750182,1434530037.0,153099
-122.212311,37.797188,1434530044.0,153324
-121.490548,38.569842,1434530047.0,153421
-5.930707,37.294702,1434530051.0,153566
-73.888163,40.865393,1434530063.0,153905
-84.591495,39.248354,1434530082.0,154478
125.528652,7.046516,1434530087.0,154588
-81.788087,41.450224,1434530089.0,154622
-122.422916,37.770006,1434530106.0,155099
-90.495235,30.559713,1434530108.0,155179
121.063327,14.644378,1434530109.0,155217
2.16946,48.68346,1434530111.0,155280
-122.202069,37.750906,1434530112.0,155316
125.5211,9.677246,1434530113.0,155353
-122.420373,37.788385,1434530115.0,155431
121.009016,14.622325,1434530119.0,155555
-46.733227,-23.669135,1434530125.0,155778
-121.897997,37.417952,1434530145.0,156416
-122.940489,45.518449,1434530146.0,156430
-84.725626,31.436503,1434530153.0,156639
-115.158008,36.233434,1434530167.0,157048
-84.477291,35.903478,1434530172.0,157263
-122.594293,45.502092,1434530182.0,157806
-86.774442,36.159332,1434530189.0,158160
-122.202786,37.750544,1434530190.0,158203
-106.525065,35.147135,1434530202.0,158801
-97.930362,36.389378,1434530206.0,159024
-83.029057,42.339994,1434530209.0,159186
125.649488,7.14269,1434530235.0,160530
-79.772671,35.664855,1434530237.0,160587
-115.15803,36.233459,1434530239.0,160693
-85.574771,38.232915,1434530239.0,160714
121.011092,14.651174,1434530242.0,160896
-8.428132,51.875891,1434530243.0,160931
122.538401,10.714351,1434530244.0,160959
-80.853478,35.786825,1434530245.0,161030
-122.202786,37.750544,1434530248.0,161182
-2.165395,39.20734,1434530252.0,161408
-9.13407,38.734422,1434530260.0,161788
-76.996182,38.95609,1434530262.0,161932
-85.388628,40.200456,1434530267.0,162200
-0.138845,51.526373,1434530272.0,162421
-117.914445,33.742347,1434530272.0,162440
-94.822671,39.121778,1434530280.0,162833
-122.301441,47.447806,1434530328.0,165345
-121.86003,39.735103,1434530333.0,165626
-83.118441,39.267956,1434530339.0,165909
115.721862,-32.526152,1434530343.0,166137
-34.986548,-8.242156,1434530346.0,166271
114.596458,-3.294216,1434530348.0,166379
-111.665259,35.182476,1434530353.0,166641
-122.216586,37.800089,1434530355.0,166751
-46.933055,-23.558717,1434530357.0,166825
3.327907,6.649291,1434530366.0,167320
-79.928047,40.574568,1434530373.0,167651
-58.562489,-34.609593,1434530378.0,167905
-122.202837,37.75013,1434530382.0,168119
-70.699135,19.416949,1434530386.0,168344
-73.690523,40.677914,1434530388.0,168437
-92.106566,32.457239,1434530389.0,168475
-115.142923,36.123391,1434530396.0,168836
-122.202786,37.750544,1434530409.0,169528
-122.288712,38.297459,1434530412.0,169715
-118.291908,34.102478,1434530413.0,169734
123.774664,10.240356,1434530414.0,169796
-87.96598,43.18409,1434530417.0,169947
-43.003459,-22.861275,1434530419.0,170059
121.002489,14.471821,1434530419.0,170063
-88.112058,41.557836,1434530434.0,170801
7.694401,11.135135,1434530444.0,171295
-122.393463,37.77927,1434530445.0,171344
-87.965978,43.184088,1434530449.0,171569
120.28101,14.823654,1434530454.0,171816
-69.918944,12.451558,1434530463.0,172267
-43.312454,-22.899212,1434530465.0,172334
-117.679327,34.08391,1434530472.0,172718
-122.202991,37.750453,1434530479.0,173028
120.658836,15.429296,1434530480.0,173061
-79.562279,33.049509,1434530480.0,173092
121.045524,14.691932,1434530484.0,173253
-88.090378,30.655714,1434530486.0,173360
-8.407749,51.907704,1434530486.0,173387
125.597507,7.083443,1434530492.0,173638
32.601308,0.343976,1434530503.0,174122
-70.69905,19.7828,1434530510.0,174401
-117.679315,34.083872,1434530511.0,174467
-97.918108,29.894391,1434530514.0,174556
121.164437,13.940487,1434530537.0,175514
-82.072358,33.43344,1434530549.0,175973
-118.272195,33.981279,1434530553.0,176136
120.946716,14.661725,1434530555.0,176192
-122.202824,37.750361,1434530564.0,176407
-80.202212,25.851734,1434530573.0,176665
123.213478,13.62,1434530575.0,176709
-80.202181,25.851655,1434530594.0,177233
-79.340027,36.591704,1434530601.0,177436
-81.454584,41.311974,1434530601.0,177450
121.159691,14.022783,1434530605.0,177571
-80.202192,25.851753,1434530608.0,177663
121.795036,16.915051,1434530609.0,177665
-43.230602,-22.923719,1434530616.0,177899
-82.924857,42.47321,1434530619.0,177977
-94.503149,39.027245,1434530632.0,178418
-122.480239,37.832828,1434530639.0,178638
-87.965972,43.184084,1434530669.0,179577
121.002721,14.458443,1434530676.0,179827
121.006432,14.577651,1434530688.0,180231
-105.549176,41.312303,1434530708.0,180826
-50.584449,-22.954113,1434530711.0,180926
115.22669,-8.69075,1434530722.0,181212
-46.677413,-23.574496,1434530726.0,181307
-74.298011,40.710239,1434530731.0,181452
-73.895039,40.857796,1434530745.0,181778
-122.94065,45.518679,1434530747.0,181842
-48.629915,-26.998698,1434530747.0,181855
121.003877,14.603449,1434530751.0,181970
121.547784,16.691418,1434530770.0,182370
-118.1964,33.872931,1434530777.0,182546
121.003877,14.603449,1434530778.0,182571
-87.652543,41.921711,1434530790.0,182865
121.725663,17.623257,1434530804.0,183194
124.648176,8.471591,1434530809.0,183321
121.003877,14.603449,1434530835.0,183909
-122.202786,37.750544,1434530849.0,184340
-122.940373,45.51859,1434530851.0,184386
-86.616434,34.75695,1434530864.0,184817
121.008891,14.733369,1434530866.0,184856
-122.264731,37.797096,1434530870.0,184988
-79.769978,33.867507,1434530872.0,185038
121.003877,14.603449,1434530873.0,185096
-122.940519,45.518549,1434530885.0,185462
-87.96598,43.184091,1434530893.0,185688
-117.37368,34.1236,1434530900.0,185906
-122.28939,38.005842,1434530924.0,186635
-122.940455,45.51858,1434530934.0,186959
121.133905,14.214377,1434530941.0,187179
-3.647448,40.383559,1434530956.0,187656
125.179406,6.122698,1434530958.0,187721
-89.648928,21.023754,1434530966.0,187956
-121.969566,37.404766,1434530972.0,188077
-122.940497,45.518634,1434530992.0,188643
-81.721516,12.576551,1434530997.0,188759
-81.689552,41.496883,1434531003.0,188895
-122.203061,37.750463,1434531007.0,189006
125.179406,6.122698,1434531014.0,189218
-98.370899,29.393846,1434531017.0,189302
-122.20279,37.750454,1434531019.0,189362
120.60737,15.797959,1434531026.0,189509
-122.940438,45.51856,1434531054.0,190097
-122.477654,37.763779,1434531060.0,190217
-119.678475,36.83367,1434531068.0,190340
125.682773,7.304778,1434531095.0,190788
-71.003355,42.094758,1434531096.0,190806
-99.719891,19.309158,1434531128.0,191381
-89.866231,35.081463,1434531197.0,192492
-122.94063,45.518384,1434531197.0,192495
-90.271736,38.593668,1434531208.0,192675
-51.084814,-30.031025,1434531211.0,192731
-122.284557,37.527138,1434531247.0,193343
-122.940216,45.518492,1434531247.0,193353
120.92995,14.312133,1434531262.0,193577
-122.421898,37.769741,1434531280.0,193853
-122.940558,45.518456,1434531280.0,193855
-122.940215,45.518504,1434531307.0,194367
120.924432,14.801165,1434531317.0,194569
-81.407643,40.805815,1434531317.0,194576
125.653089,7.139678,1434531336.0,194958
-89.866612,35.081518,1434531363.0,195381
121.136951,14.189028,1434531367.0,195479
-117.037972,32.678785,1434531372.0,195560
-122.940564,45.518464,1434531385.0,195783
-122.206902,37.797772,1434531387.0,195816
-70.238472,44.086552,1434531395.0,195954
-69.815768,18.508944,1434531400.0,196030
-122.249145,37.808259,1434531400.0,196036
-57.142657,5.880902,1434531427.0,196479
123.774758,10.240325,1434531442.0,196696
-76.251796,39.477169,1434531445.0,196734
-90.202655,38.626496,1434531452.0,196820
-111.893287,40.625595,1434531452.0,196826
-87.62797,41.901602,1434531452.0,196830
-88.814203,35.663533,1434531453.0,196846
-89.866638,35.081576,1434531462.0,196973
-85.974685,39.760234,1434531480.0,197235
-81.714151,38.319191,1434531484.0,197297
-122.421181,37.760559,1434531497.0,197479
121.491043,13.882483,1434531506.0,197613
120.953635,14.445465,1434531523.0,197953
-122.199778,37.78984,1434531535.0,198190
-81.472789,28.510696,1434531552.0,198507
-87.293357,39.502089,1434531556.0,198575
-122.202069,37.750906,1434531569.0,198803
-122.436426,37.725052,1434531581.0,198997
121.047296,14.516917,1434531604.0,199346
-115.285441,36.056881,1434531620.0,199571
-122.940584,45.518723,1434531631.0,199715
-48.640678,-26.975595,1434531638.0,199814
-81.557097,41.564382,1434531660.0,200357
121.062608,14.636634,1434531667.0,200570
-119.768991,36.777256,1434531668.0,200608
-122.406,37.7952,1434531679.0,200869
-96.700446,40.884798,1434531680.0,200911
-85.40724,40.193733,1434531695.0,201335
-70.699138,19.416948,1434531700.0,201511
-122.940511,45.518666,1434531707.0,201713
-122.202824,37.750361,1434531715.0,201942
-73.985275,40.731003,1434531728.0,202361
122.57698,10.691111,1434531757.0,203192
-122.94053,45.51842,1434531792.0,204118
-43.230639,-22.923738,1434531794.0,204169
-69.903526,18.484262,1434531801.0,204316
-83.993301,33.779985,1434531802.0,204365
121.108517,14.646711,1434531811.0,204569
115.159035,-8.691763,1434531821.0,204783
-121.654106,36.672131,1434531821.0,204784
-9.023301,38.654752,1434531823.0,204813
-51.971259,-29.454593,1434531835.0,205109
-81.407715,40.805763,1434531840.0,205241
106.79805,-6.22694,1434531850.0,205446
118.734631,9.778467,1434531854.0,205537
-81.632486,41.022443,1434531856.0,205594
-122.442667,37.715428,1434531858.0,205637
-59.612757,13.102692,1434531859.0,205675
120.653217,14.997954,1434531873.0,205954
-122.839534,49.135877,1434531888.0,206273
121.14405,14.567903,1434531904.0,206610
-84.677045,33.988785,1434531926.0,207041
-89.551232,14.799642,1434531951.0,207431
121.006877,14.541326,1434531968.0,207696
-70.074986,18.561722,1434531974.0,207773
-122.202069,37.750906,1434532018.0,208489
-80.932775,35.82662,1434532025.0,208619
-118.547569,34.377343,1434532036.0,208808
120.996648,14.274556,1434532041.0,208892
-122.940664,45.518733,1434532066.0,209339
-82.570796,39.720089,1434532074.0,209513
-122.245316,37.494201,1434532096.0,209967
125.528654,7.046529,1434532119.0,210527
-80.78248,35.324099,1434532120.0,210542
-118.196278,33.872972,1434532121.0,210564
121.05427,14.748405,1434532143.0,211180
-73.983243,40.733792,1434532153.0,211478
-122.409081,37.789021,1434532157.0,211623
-81.560932,41.191215,1434532163.0,211793
-73.73765,43.135083,1434532171.0,212050
-76.988153,42.873247,1434532192.0,212647
-122.940356,45.518656,1434532199.0,212844
-90.280235,38.586097,1434532209.0,213139
120.985344,14.604725,1434532210.0,213168
120.92518,14.338436,1434532212.0,213223
-117.160454,32.714459,1434532238.0,213903
-53.806355,-27.675417,1434532252.0,214270
-81.597197,41.529842,1434532259.0,214447
-119.88696,36.840085,1434532262.0,214521
-74.1263,41.057157,1434532274.0,214808
121.052709,14.637518,1434532291.0,215230
-81.597191,41.529849,1434532300.0,215447
-122.418089,37.775451,1434532300.0,215460
-80.104763,26.315848,1434532329.0,216070
-118.171577,34.686165,1434532352.0,216525
-122.202069,37.750906,1434532358.0,216620
-79.900381,9.361911,1434532367.0,216758
-89.973025,38.689776,1434532378.0,216976
-71.659498,10.654364,1434532394.0,217287
-81.689552,41.496883,1434532399.0,217375
-97.932537,26.292251,1434532403.0,217463
121.16222,15.608378,1434532409.0,217583
-115.170905,36.122481,1434532409.0,217585
-122.202069,37.750906,1434532412.0,217653
-122.940405,45.518609,1434532414.0,217676
-122.202786,37.750544,1434532427.0,217903
-121.644689,36.692107,1434532443.0,218151
-118.171549,34.686144,1434532447.0,218199
-56.450065,-25.773809,1434532455.0,218297
120.999218,14.586073,1434532512.0,219144
-122.176861,37.760725,1434532533.0,219491
-76.830708,39.165971,1434532550.0,219813
-88.090378,30.655714,1434532577.0,220270
-95.333977,29.986409,1434532585.0,220392
-121.924492,37.352733,1434532591.0,220481
-71.045995,41.907071,1434532608.0,220744
3.0497,6.48029,1434532616.0,220911
-76.251804,39.477174,1434532626.0,221084
-94.949665,29.747706,1434532654.0,221431
-122.392206,37.778184,1434532665.0,221577
-122.940508,45.518527,1434532688.0,221952
-111.893216,40.625694,1434532690.0,221968
124.090572,12.586257,1434532695.0,222044
-7.457543,40.315896,1434532708.0,222240
-122.419082,37.759365,1434532713.0,222322
-66.00321,18.394428,1434532715.0,222349
-122.718016,38.446495,1434532719.0,222401
-121.846558,37.370972,1434532719.0,222402
-122.203068,37.750104,1434532731.0,222597
-122.454198,37.621622,1434532735.0,222641
-121.876963,36.95225,1434532745.0,222826
-122.202786,37.750544,1434532746.0,222835
120.9633,14.424323,1434532768.0,223403
-97.277065,37.770143,1434532772.0,223547
-121.910652,37.718605,1434532776.0,223697
-121.107381,38.666672,1434532781.0,223868
120.988978,14.400209,1434532783.0,223963
120.988978,14.40021,1434532785.0,224046
-118.299837,33.966254,1434532791.0,224282
-70.930831,41.660271,1434532791.0,224302
120.9633,14.424323,1434532794.0,224398
-0.199993,51.405733,1434532796.0,224491
-80.29163,25.950102,1434532804.0,224872
-122.940298,45.518552,1434532810.0,225179
125.662063,7.13768,1434532816.0,225497
-76.09834,36.804485,1434532828.0,226075
-98.46753,26.244631,1434532836.0,226491
-87.896554,43.054447,1434532836.0,226503
-122.454198,37.621622,1434532844.0,226857
-117.161053,32.711715,1434532850.0,227176
-59.975544,-3.037528,1434532857.0,227474
-67.034832,10.353266,1434532873.0,228305
-84.401274,42.21544,1434532882.0,228684
-91.205863,30.393,1434532883.0,228758
124.787412,9.161945,1434532897.0,229369
-77.071681,-12.086009,1434532927.0,230639
-122.437442,37.774207,1434532928.0,230667
-99.162072,19.428574,1434532928.0,230677
-66.064509,18.447207,1434532935.0,230898
125.61839,7.078201,1434532943.0,231170
-86.272254,12.121161,1434532943.0,231197
-122.057189,37.6283,1434532989.0,232657
121.159691,14.022783,1434532989.0,232661
121.074011,14.63635,1434532999.0,233006
-89.627274,40.835562,1434533039.0,234241
-75.195627,39.93128,1434533043.0,234372
-118.171562,34.68613,1434533043.0,234409
-122.03387,37.977951,1434533064.0,235056
-121.877015,36.952252,1434533070.0,235266
-4.103097,40.942957,1434533073.0,235322
-122.433627,37.787705,1434533089.0,235852
-122.202786,37.750544,1434533137.0,237231
-81.438357,41.163499,1434533145.0,237446
-70.457321,19.26346,1434533150.0,237570
-76.415004,36.978972,1434533155.0,237713
-122.202816,37.750237,1434533170.0,238060
-80.076498,41.353661,1434533187.0,238483
-122.418289,37.739258,1434533201.0,238845
106.768573,-6.336296,1434533204.0,238892
2.16946,48.68346,1434533215.0,239162
-80.320208,25.912962,1434533218.0,239235
-68.716101,18.612213,1434533222.0,239328
120.951544,14.318755,1434533224.0,239378
-118.171546,34.686124,1434533244.0,239827
-75.23559,39.962656,1434533259.0,240223
-83.094261,40.120709,1434533267.0,240426
-122.084321,37.672726,1434533269.0,240461
-72.508067,42.379611,1434533300.0,241187
-74.002128,40.739575,1434533323.0,241666
121.027618,14.593088,1434533373.0,242860
-158.123851,21.33912,1434533373.0,242879
-122.202786,37.750544,1434533400.0,243434
-87.653809,41.940006,1434533405.0,243543
121.063437,14.644419,1434533419.0,243872
125.632735,7.102976,1434533454.0,244572
125.138678,6.125949,1434533473.0,244947
-90.343873,29.917284,1434533475.0,244997
-6.159147,53.488596,1434533475.0,244999
-43.049113,-22.847883,1434533482.0,245116
-121.748658,37.697972,1434533492.0,245276
-96.915547,19.561325,1434533532.0,246019
-115.243522,36.058113,1434533550.0,246329
121.166543,13.962597,1434533562.0,246539
-41.954753,-22.521017,1434533576.0,246748
107.607487,-6.943259,1434533580.0,246806
-78.922426,35.921025,1434533587.0,246929
-122.398987,37.787659,1434533602.0,247165
-77.02483,38.880598,1434533605.0,247210
-118.463124,34.413172,1434533625.0,247527
123.391249,13.445518,1434533634.0,247677
-122.393371,37.607327,1434533639.0,247755
-121.307734,37.909291,1434533650.0,247960
-82.439066,8.406602,1434533651.0,247988
-122.423241,37.776981,1434533667.0,248257
-81.689552,41.496883,1434533671.0,248329
-122.94048,45.518664,1434533677.0,248442
-122.270447,37.80735,1434533687.0,248655
-73.953554,40.667595,1434533721.0,249431
-122.069837,37.359624,1434533722.0,249447
-122.248698,38.126928,1434533748.0,250044
122.074407,6.910429,1434533748.0,250053
-56.258961,-34.87372,1434533764.0,250493
125.355177,6.752923,1434533765.0,250534
-120.858844,37.759694,1434533793.0,251261
-9.134068,38.734443,1434533812.0,251663
-122.940504,45.518671,1434533826.0,251909
-122.202069,37.750906,1434533835.0,252065
-122.20279,37.750454,1434533842.0,252196
-122.940541,45.518662,1434533884.0,252941
-122.057304,37.62831,1434533886.0,252971
-72.525001,-13.156556,1434533916.0,253536
-122.112562,37.826345,1434533921.0,253638
120.96035,14.42538,1434533922.0,253647
-122.94055,45.518427,1434533929.0,253842
120.649735,31.303876,1434533930.0,253853
-81.557076,41.564355,1434533936.0,254031
-119.071851,35.292648,1434533939.0,254086
-97.558173,35.393807,1434533940.0,254111
-80.119052,26.434892,1434533947.0,254287
-87.965995,43.1841,1434533968.0,254704
-122.940686,45.518466,1434533969.0,254741
-122.428728,37.797853,1434533979.0,254977
122.387793,10.673227,1434533991.0,255245
-99.510271,19.290849,1434533991.0,255253
123.439688,8.12887,1434534012.0,255741
-122.202069,37.750906,1434534020.0,255911
-122.202816,37.750237,1434534022.0,255945
-122.940533,45.518687,1434534024.0,255981
-82.450582,8.406503,1434534026.0,256030
-122.940595,45.51866,1434534068.0,256718
-88.254267,41.644641,1434534079.0,256925
-76.251798,39.477207,1434534088.0,257108
121.549057,15.757089,1434534090.0,257134
123.336456,8.578856,1434534095.0,257214
-122.940579,45.518638,1434534115.0,257892
-110.938228,32.283293,1434534116.0,257930
-122.165135,37.753573,1434534122.0,258186
-73.90042,40.877452,1434534131.0,258596
120.963164,14.62047,1434534134.0,258688
124.788949,9.153848,1434534143.0,259071
-73.960755,40.761051,1434534144.0,259096
-122.202786,37.750544,1434534145.0,259150
-59.975518,-3.03751,1434534147.0,259226
121.549065,15.757085,1434534157.0,259636
-76.098771,36.804343,1434534158.0,259691
-84.542979,34.075124,1434534167.0,260102
-43.287412,-22.681444,1434534178.0,260511
120.97511,15.509834,1434534191.0,261003
-121.595335,36.683289,1434534193.0,261102
-84.59126,39.248236,1434534195.0,261155
-122.00441,37.558922,1434534205.0,261545
-88.254291,41.64458,1434534220.0,262062
-4.695975,40.654517,1434534220.0,262084
-80.176112,25.911412,1434534227.0,262289
-8.231136,43.484344,1434534232.0,262493
-122.082449,37.90399,1434534257.0,263265
-61.837841,17.10451,1434534262.0,263399
-84.591358,39.248374,1434534274.0,263754
-122.413583,37.734177,1434534286.0,264116
-97.160991,49.947231,1434534337.0,265344
-118.171537,34.686096,1434534339.0,265364
-122.412044,37.769744,1434534339.0,265371
-59.975488,-3.037499,1434534347.0,265525
-99.133532,19.429258,1434534350.0,265569
121.467343,13.883052,1434534357.0,265685
-121.740973,38.541395,1434534362.0,265777
-59.975496,-3.037487,1434534364.0,265815
-94.503156,39.027239,1434534374.0,265974
36.908391,-1.266852,1434534381.0,266095
-122.273298,37.800529,1434534396.0,266381
-122.202744,37.750337,1434534399.0,266437
-97.167289,49.860943,1434534409.0,266623
-122.273859,37.836358,1434534422.0,266856
-82.963081,33.275915,1434534459.0,267474
123.192446,13.633243,1434534465.0,267577
120.999369,14.586041,1434534477.0,267773
-69.930478,18.541963,1434534490.0,267958
-84.299004,34.113578,1434534492.0,267990
-122.940572,45.518687,1434534522.0,268440
-88.191191,43.419716,1434534530.0,268536
-85.574946,38.232879,1434534534.0,268593
-109.455199,27.076934,1434534543.0,268761
120.99922,14.586065,1434534557.0,268983
-80.903057,33.672496,1434534566.0,269115
121.014963,14.469729,1434534633.0,270682
120.948302,14.429199,1434534671.0,271311
-94.952316,32.739719,1434534691.0,271679
-73.985131,40.758895,1434534697.0,271799
-59.975501,-3.037491,1434534697.0,271815
-122.225114,37.467887,1434534711.0,272408
-88.247502,41.740805,1434534717.0,272702
120.637809,14.975281,1434534720.0,272855
-73.866614,40.734937,1434534724.0,273071
-56.128631,-34.863782,1434534729.0,273335
-89.627315,40.835582,1434534729.0,273338
-122.433093,37.751466,1434534731.0,273440
-81.557117,41.56434,1434534733.0,273521
-81.47278,28.510503,1434534738.0,273791
-77.057196,38.836273,1434534744.0,274113
-97.698381,30.40474,1434534748.0,274305
-73.949669,40.713589,1434534757.0,274741
-98.747364,29.485788,1434534760.0,274886
2.448362,48.743537,1434534771.0,275454
-122.433093,37.751466,1434534780.0,275823
-121.828124,38.458333,1434534786.0,276132
-97.914931,29.90029,1434534790.0,276289
-97.438187,35.435951,1434534795.0,276545
-122.069755,37.359627,1434534820.0,277726
125.528654,7.046524,1434534834.0,278346
120.999371,14.586042,1434534841.0,278623
-84.725626,31.436503,1434534842.0,278686
-103.221343,40.168201,1434534845.0,278806
-76.835307,38.985059,1434534853.0,279150
-122.217104,37.800399,1434534861.0,279500
-75.116913,41.48115,1434534868.0,279775
-79.306482,35.842082,1434534873.0,279990
-66.925714,10.489386,1434534892.0,280708
-72.515503,41.802644,1434534894.0,280789
-82.342092,29.644024,1434534898.0,280970
121.001721,14.613475,1434534898.0,280987
-78.72485,35.49401,1434534905.0,281265
-121.897997,37.417952,1434534920.0,281804
-80.202364,25.851728,1434534924.0,281937
-81.248355,28.24733,1434534927.0,282051
-74.031049,4.718048,1434534930.0,282113
-81.689988,41.49778,1434534930.0,282115
125.528654,7.04653,1434534932.0,282186
-46.712303,-23.780235,1434534941.0,282473
116.85085,-1.27322,1434534941.0,282492
-81.557095,41.564336,1434534944.0,282565
-73.945076,40.836258,1434534944.0,282587
121.419079,13.93003,1434534955.0,282937
-97.757195,30.30576,1434534961.0,283107
-84.247847,39.095256,1434534972.0,283408
-81.689552,41.496883,1434534992.0,283979
-80.202265,25.851781,1434534993.0,283989
-97.583565,35.493823,1434535002.0,284229
-122.202069,37.750906,1434535026.0,284854
-122.274307,37.801483,1434535033.0,285051
-8.73008,42.225311,1434535038.0,285168
-105.549099,41.31226,1434535055.0,285558
102.55558,13.66309,1434535099.0,286548
-122.275894,37.77303,1434535130.0,287188
-115.262656,36.198673,1434535131.0,287215
-75.985776,40.303262,1434535141.0,287383
-76.395035,36.867771,1434535154.0,287664
123.85524,9.648978,1434535157.0,287731
-94.503173,39.027207,1434535165.0,287898
-81.557076,41.564355,1434535174.0,288112
-60.132474,-31.956225,1434535181.0,288376
-79.97692,36.052947,1434535193.0,288917
-81.557076,41.564355,1434535194.0,288935
-122.443715,37.708901,1434535195.0,288999
-82.993299,42.681852,1434535196.0,289037
-122.940512,45.51865,1434535197.0,289099
-109.952568,27.493952,1434535197.0,289108
-94.50316,39.027196,1434535198.0,289160
-122.069918,37.359725,1434535200.0,289234
-122.202786,37.750544,1434535203.0,289413
-63.920314,-34.016152,1434535217.0,290124
-118.269144,34.041435,1434535225.0,290509
-98.582174,29.039257,1434535226.0,290567
-85.661405,42.829987,1434535227.0,290638
-71.21642,42.356331,1434535231.0,290859
-122.055435,37.640002,1434535234.0,290995
-118.379299,34.025898,1434535236.0,291103
-118.374867,34.063656,1434535257.0,292115
-75.985783,40.303268,1434535258.0,292181
-122.404941,37.798128,1434535269.0,292742
123.774758,10.240325,1434535287.0,293660
-101.431594,26.912276,1434535288.0,293699
-82.378798,29.6174,1434535289.0,293764
-90.839395,38.779438,1434535290.0,293806
-122.275762,37.794263,1434535290.0,293842
-122.454198,37.621622,1434535305.0,294575
-81.134147,35.231523,1434535305.0,294617
-81.600382,41.486659,1434535332.0,295959
120.962872,14.679205,1434535339.0,296269
-84.334331,30.45452,1434535339.0,296282
-102.309698,21.898856,1434535355.0,297045
-80.811654,35.005294,1434535360.0,297258
-87.291582,33.8261,1434535365.0,297472
-99.217173,19.371972,1434535366.0,297523
121.177688,14.088666,1434535372.0,297762
-120.54978,46.657895,1434535378.0,298015
-120.935878,39.045515,1434535389.0,298418
2.448955,48.743436,1434535394.0,298617
121.769315,16.934095,1434535406.0,299050
-2.002932,51.434746,1434535407.0,299094
-75.174376,40.077342,1434535407.0,299096
120.962872,14.679205,1434535419.0,299538
-74.014409,40.782833,1434535423.0,299674
-81.471165,28.336705,1434535432.0,299980
120.962872,14.679205,1434535434.0,300032
-48.62992,-26.998709,1434535449.0,300492
-118.388059,33.945917,1434535465.0,300942
-122.940519,45.518706,1434535467.0,300978
-122.275841,37.794232,1434535469.0,301062
121.166543,13.962597,1434535474.0,301226
-122.188902,37.732374,1434535502.0,302093
-81.79276,32.458233,1434535505.0,302184
-71.446228,41.826066,1434535527.0,303039
-80.28339,26.162678,1434535530.0,303116
125.528655,7.046507,1434535537.0,303347
120.999322,14.586,1434535537.0,303348
-122.69116,45.585005,1434535537.0,303349
-121.930245,37.30309,1434535555.0,303888
-81.60692,41.457113,1434535559.0,304021
-81.470771,28.336759,1434535563.0,304174
-74.031059,4.718061,1434535563.0,304195
-97.067249,32.649877,1434535566.0,304311
-70.614978,-33.489735,1434535568.0,304396
-51.208728,-30.037164,1434535571.0,304531
-95.13183,43.376076,1434535583.0,305073
-122.940535,45.518692,1434535595.0,305707
-121.9506,37.32143,1434535596.0,305729
-81.557106,41.564361,1434535599.0,305936
4.02613,49.264446,1434535604.0,306196
121.011679,14.537403,1434535608.0,306383
121.613474,13.939672,1434535612.0,306590
-122.417061,37.790642,1434535625.0,307248
121.102737,14.318918,1434535633.0,307662
123.855242,9.648979,1434535645.0,308256
-73.912227,40.660328,1434535659.0,308940
-122.4146,37.7793,1434535662.0,309069
-74.031013,4.71806,1434535663.0,309118
-119.218375,34.263227,1434535664.0,309172
-121.894318,37.33651,1434535670.0,309486
123.18902,13.63379,1434535680.0,309893
-122.202069,37.750906,1434535685.0,310098
-115.286244,36.054985,1434535690.0,310312
-122.009644,47.563465,1434535692.0,310396
-81.557076,41.564355,1434535704.0,310903
-116.532798,33.849464,1434535709.0,311113
-122.202069,37.750906,1434535717.0,311505
120.996648,14.274556,1434535722.0,311737
120.994986,14.60577,1434535725.0,311871
121.613474,13.939672,1434535768.0,313966
120.994986,14.60577,1434535777.0,314355
-122.248698,38.126928,1434535782.0,314606
-43.350893,-21.755315,1434535786.0,314796
-61.698844,-32.203039,1434535797.0,315335
-115.286248,36.054954,1434535798.0,315379
120.939774,14.818304,1434535807.0,315851
122.96102,10.679333,1434535808.0,315869
-43.350874,-21.755306,1434535810.0,316005
121.024049,14.369761,1434535815.0,316227
-82.863681,42.560865,1434535815.0,316263
-80.407856,25.675676,1434535817.0,316351
-97.698458,30.404803,1434535818.0,316417
-122.1654,37.753516,1434535818.0,316420
-94.69147,38.846232,1434535825.0,316739
-121.979233,37.384689,1434535838.0,317451
-122.421127,37.792729,1434535850.0,318044
-122.940396,45.518663,1434535851.0,318075
-89.999597,38.683836,1434535864.0,318771
-122.394918,37.780083,1434535869.0,319051
124.479378,8.571317,1434535874.0,319297
-121.594366,36.67759,1434535887.0,319982
-98.467336,26.24465,1434535901.0,320724
-75.544634,39.74209,1434535905.0,320912
-122.301441,47.447806,1434535929.0,322153
-85.661174,42.829966,1434535938.0,322594
-94.094952,30.04905,1434535939.0,322656
-96.589752,33.025795,1434535943.0,322865
-79.952464,34.442897,1434535955.0,323487
-90.163105,29.969409,1434535959.0,323704
123.85524,9.648978,1434535966.0,324030
123.19339,13.63291,1434535971.0,324280
-118.268182,34.044382,1434535976.0,324567
-122.202786,37.750544,1434535980.0,324781
122.962226,10.683818,1434535982.0,324829
-48.629979,-26.998673,1434536002.0,325892
-76.769811,39.325244,1434536011.0,326325
-118.299802,33.966232,1434536014.0,326520
-98.221294,19.008331,1434536018.0,326671
-92.32795,34.729787,1434536023.0,326921
-84.104564,10.020194,1434536031.0,327336
-119.713087,36.748578,1434536038.0,327651
-82.450582,8.406503,1434536039.0,327697
-122.275848,37.773092,1434536043.0,327870
-77.506418,43.118279,1434536050.0,328255
-118.190789,33.778624,1434536052.0,328350
-115.176435,36.112139,1434536070.0,329161
120.574973,15.476483,1434536078.0,329516
-0.398613,39.471947,1434536081.0,329686
120.988978,14.400209,1434536081.0,329690
-118.267227,34.04092,1434536085.0,329895
-78.75976,39.655433,1434536092.0,330195
-87.899284,41.853865,1434536099.0,330534
-122.043389,37.525241,1434536101.0,330609
-80.625875,28.05449,1434536103.0,330710
-122.202786,37.750544,1434536111.0,331109
-119.713087,36.748578,1434536117.0,331367
-72.457634,42.127022,1434536117.0,331373
-121.92657,37.485354,1434536127.0,331869
106.77232,-6.55433,1434536132.0,332086
-117.91456,33.742227,1434536139.0,332382
-88.090418,30.655731,1434536151.0,332842
-122.496065,47.15837,1434536168.0,333531
-82.472631,27.35688,1434536179.0,333927
-80.201916,25.851455,1434536201.0,334849
121.223889,25.076389,1434536201.0,334880
120.988978,14.40021,1434536206.0,335094
-84.406788,33.740108,1434536236.0,336037
120.603013,15.886018,1434536236.0,336046
121.041436,14.588612,1434536243.0,336288
-118.26537,34.043914,1434536255.0,336675
-86.27226,12.121154,1434536257.0,336703
120.925724,14.440899,1434536267.0,337043
120.573196,15.665343,1434536284.0,337627
-96.877614,32.697857,1434536292.0,337833
-43.049137,-22.847874,1434536303.0,338190
121.046693,14.689972,1434536309.0,338389
-122.940448,45.51868,1434536315.0,338618
-71.044751,41.907628,1434536315.0,338632
-87.604308,41.732034,1434536316.0,338670
-121.924492,37.352733,1434536325.0,339060
120.925724,14.440899,1434536337.0,339522
-119.902378,36.829904,1434536341.0,339691
-8.231128,43.484339,1434536342.0,339752
120.997358,14.545638,1434536349.0,340081
121.166543,13.962597,1434536353.0,340241
-78.871473,35.04175,1434536353.0,340244
-83.804953,34.175924,1434536359.0,340526
-122.219527,38.133264,1434536365.0,340833
-122.940346,45.51861,1434536367.0,340903
-86.616539,34.756911,1434536371.0,341070
-95.356936,29.779878,1434536371.0,341080
122.381871,11.702616,1434536380.0,341532
-118.380253,34.075655,1434536391.0,341979
-122.401352,37.787079,1434536395.0,342160
-117.160997,32.711641,1434536401.0,342422
-121.517337,38.487807,1434536404.0,342580
-78.708663,26.511309,1434536412.0,342921
-73.999445,40.716764,1434536417.0,343152
3.327908,6.649297,1434536418.0,343214
121.10032,14.64154,1434536421.0,343327
-84.53057,33.359411,1434536423.0,343403
-56.259212,-34.873792,1434536435.0,343870
-62.396252,-38.720764,1434536436.0,343911
-122.264685,37.799819,1434536437.0,343985
-58.557044,-34.547597,1434536448.0,344362
-79.448495,9.077009,1434536448.0,344383
123.190142,13.634109,1434536450.0,344439
-81.60641,30.22686,1434536452.0,344522
-70.980116,42.261227,1434536469.0,345169
123.774735,10.240326,1434536470.0,345200
-122.454198,37.621622,1434536494.0,346056
-122.940454,45.518675,1434536508.0,346603
-1.64633,42.800752,1434536515.0,346829
121.055873,14.52833,1434536524.0,347153
-77.304634,25.060744,1434536526.0,347210
-122.39818,37.779283,1434536530.0,347335
120.975098,14.395989,1434536532.0,347396
-97.727964,35.451762,1434536542.0,347661
-99.510237,19.290845,1434536543.0,347680
123.849461,9.64924,1434536552.0,348001
-70.730924,42.101779,1434536557.0,348258
-79.040595,33.880475,1434536559.0,348334
-122.424278,37.764896,1434536560.0,348389
-122.202786,37.750544,1434536566.0,348680
-99.21717,19.371995,1434536576.0,349028
-122.940408,45.518688,1434536577.0,349087
-83.343709,33.98393,1434536580.0,349187
-122.394922,37.78002,1434536583.0,349296
-122.225217,37.467863,1434536595.0,349818
-121.806635,37.289709,1434536605.0,350190
-79.141162,34.588773,1434536642.0,351462
-89.86649,35.081514,1434536645.0,351595
125.602362,7.063837,1434536646.0,351626
-98.547118,29.467472,1434536648.0,351711
-80.096677,26.368882,1434536653.0,351884
-118.560228,34.390275,1434536654.0,351902
-65.030128,-42.784323,1434536657.0,351999
121.00936,14.575393,1434536662.0,352214
-49.963327,-22.222779,1434536668.0,352531
-83.309067,30.848319,1434536675.0,352882
-81.557071,41.564319,1434536677.0,352998
-84.424617,35.62371,1434536694.0,353850
-115.267124,36.008688,1434536695.0,353924
-122.443715,37.708901,1434536700.0,354152
-122.202786,37.750544,1434536704.0,354378
-80.290619,25.714971,1434536706.0,354448
123.319354,13.547262,1434536718.0,355091
-122.24097,38.078944,1434536726.0,355512
-75.607984,38.350794,1434536745.0,356508
-122.275852,37.793442,1434536750.0,356783
121.147355,14.084997,1434536768.0,357678
-99.510202,19.290856,1434536779.0,358215
-41.954753,-22.521007,1434536793.0,358942
-117.692309,34.083724,1434536797.0,359150
-82.378566,29.617136,1434536797.0,359162
125.528654,7.046519,1434536799.0,359237
-80.451419,25.486755,1434536805.0,359556
-80.191638,25.850598,1434536809.0,359741
-79.861514,34.273279,1434536810.0,359831
120.964428,14.463384,1434536818.0,360214
-57.561738,-25.233969,1434536852.0,362017
-86.61642,34.75698,1434536857.0,362291
121.419276,14.275469,1434536859.0,362359
-122.390709,37.779499,1434536859.0,362381
-81.595731,41.482323,1434536869.0,362870
-90.5249,14.618,1434536898.0,364361
-122.202824,37.750361,1434536898.0,364388
-81.407568,40.805588,1434536905.0,364753
-122.273676,37.836419,1434536911.0,365069
-72.749543,41.759415,1434536932.0,366134
120.993008,14.425426,1434536939.0,366507
-117.380333,34.134643,1434536959.0,367555
107.607487,-6.943259,1434536970.0,368135
-88.254308,41.644568,1434536971.0,368148
-122.202069,37.750906,1434536973.0,368266
-122.098881,47.984877,1434536989.0,369115
121.037133,14.483598,1434536997.0,369535
-81.843426,41.256887,1434537004.0,369859
-96.779732,44.316444,1434537012.0,370260
-72.751827,41.759587,1434537018.0,370583
-97.127135,33.19897,1434537036.0,371539
-79.449506,43.721026,1434537040.0,371761
-69.821385,18.532672,1434537050.0,372270
120.587186,15.593177,1434537054.0,372449
-84.36216,39.49643,1434537054.0,372460
-76.6995,39.319231,1434537064.0,373010
-83.970113,33.559976,1434537066.0,373106
-79.726282,43.653442,1434537077.0,373663
-83.282023,42.412694,1434537080.0,373847
-84.551295,38.995958,1434537082.0,373897
-94.164017,36.346833,1434537090.0,374349
-122.396713,37.793819,1434537096.0,374674
-80.191888,25.85046,1434537100.0,374874
-121.369983,38.718026,1434537103.0,374998
-72.749663,41.759387,1434537106.0,375171
115.768104,-31.897646,1434537107.0,375217
120.808583,14.851581,1434537116.0,375658
-73.013015,-36.819272,1434537118.0,375739
-77.506272,43.118135,1434537121.0,375900
-56.128629,-34.863803,1434537122.0,375972
-74.273711,40.520779,1434537130.0,376376
-86.015071,39.826443,1434537137.0,376680
123.878588,10.297887,1434537138.0,376731
-73.823632,40.582609,1434537147.0,377200
-81.688199,41.496557,1434537154.0,377566
-78.863805,33.705543,1434537155.0,377648
-78.871534,35.041767,1434537156.0,377697
-66.925633,10.489408,1434537178.0,378801
-112.02517,33.49129,1434537178.0,378828
-121.882146,37.288051,1434537179.0,378886
-118.4627,34.174581,1434537186.0,379243
121.006394,14.577608,1434537190.0,379456
-73.778891,40.685174,1434537193.0,379579
-80.561287,40.204701,1434537195.0,379712
-95.245759,29.633886,1434537198.0,379839
121.00178,14.492425,1434537211.0,380502
-61.531905,16.255079,1434537213.0,380642
121.023341,14.661318,1434537237.0,381856
-90.330405,38.61646,1434537263.0,383267
-89.972138,34.622668,1434537264.0,383299
-121.924492,37.352733,1434537269.0,383523
-82.097034,39.305751,1434537278.0,384003
-87.734401,41.878197,1434537301.0,385224
-83.290991,42.193344,1434537308.0,385568
-85.658598,42.974971,1434537338.0,387118
-122.069825,37.359625,1434537345.0,387495
-81.419767,28.385462,1434537345.0,387497
-76.42083,36.088668,1434537349.0,387713
-73.960721,40.761029,1434537350.0,387763
-84.988288,40.166267,1434537362.0,388381
-121.887894,37.336182,1434537364.0,388492
-96.894729,33.190546,1434537369.0,388767
-81.537044,41.345832,1434537371.0,388836
-74.239023,40.510373,1434537373.0,388988
-122.037108,36.983385,1434537382.0,389454
-122.422957,37.759071,1434537393.0,390026
-84.36216,39.49643,1434537404.0,390568
-78.582199,35.784523,1434537404.0,390589
-121.595032,36.681757,1434537414.0,391114
-119.211846,36.315509,1434537421.0,391445
-85.467458,32.617325,1434537432.0,392036
-84.473794,33.565026,1434537436.0,392250
120.988978,14.40021,1434537438.0,392314
-157.857733,21.302261,1434537460.0,393459
-121.018557,37.64325,1434537464.0,393688
-122.202824,37.750361,1434537465.0,393745
-121.415424,38.46825,1434537471.0,394029
-3.718596,40.47483,1434537473.0,394180
-84.416779,33.602804,1434537482.0,394621
-118.190743,33.778622,1434537487.0,394887
-43.230802,-22.923682,1434537492.0,395169
-98.467326,26.244434,1434537493.0,395194
-79.856355,41.372982,1434537501.0,395636
-77.32654,38.56346,1434537517.0,396466
124.235459,8.214857,1434537539.0,397596
-122.3997,37.789808,1434537544.0,397838
-74.18044,40.751407,1434537544.0,397853
-117.35399,34.188318,1434537548.0,398042
120.986482,14.658241,1434537550.0,398133
-121.609441,37.091128,1434537564.0,398858
-122.940553,45.518678,1434537571.0,399244
120.963192,14.620482,1434537604.0,400889
121.046697,14.689974,1434537617.0,401574
-86.393079,39.751648,1434537623.0,401882
-116.821097,40.603858,1434537624.0,401904
-43.311707,-22.868196,1434537627.0,402053
-84.36216,39.49643,1434537631.0,402254
-122.225142,37.467906,1434537642.0,402810
-74.126283,41.05712,1434537648.0,403136
121.061674,14.583774,1434537653.0,403376
-121.416924,38.423019,1434537662.0,403783
-81.557097,41.564382,1434537665.0,403952
-122.253239,38.127154,1434537672.0,404281
-77.32654,38.56346,1434537675.0,404425
-80.202263,25.851788,1434537686.0,404956
-97.390954,32.632919,1434537689.0,405060
-87.713968,41.846086,1434537690.0,405102
-49.283482,-25.465317,1434537697.0,405438
-122.396133,37.750088,1434537713.0,406145
-66.8983,10.496,1434537724.0,406796
-80.853535,35.786865,1434537732.0,407079
-87.676193,41.721279,1434537735.0,407236
-118.262089,34.053633,1434537737.0,407325
-77.32654,38.56346,1434537737.0,407359
-84.19427,37.987238,1434537743.0,407630
3.33973,6.48447,1434537749.0,407955
-46.712324,-23.780317,1434537766.0,408796
-122.397532,37.718787,1434537766.0,408843
-81.595824,41.482277,1434537776.0,409321
-89.866482,35.081561,1434537779.0,409489
122.697884,7.791311,1434537782.0,409610
-69.9405,18.4867,1434537786.0,409837
121.003152,14.601124,1434537786.0,409849
-98.270677,34.725088,1434537799.0,410484
-84.473697,33.565475,1434537813.0,411130
-122.253808,37.864913,1434537818.0,411382
-73.880735,40.876221,1434537830.0,411987
-78.471163,38.02725,1434537830.0,412004
-122.081307,37.391178,1434537834.0,412162
123.878634,10.297915,1434537840.0,412501
-157.825223,21.278685,1434537848.0,412913
-76.098854,36.804415,1434537855.0,413287
-81.442687,30.296967,1434537860.0,413531
-66.925625,10.489411,1434537864.0,413763
-79.441008,9.065699,1434537865.0,413792
-73.900366,40.877636,1434537869.0,414013
-74.250681,40.765681,1434537869.0,414029
-121.82669,37.324923,1434537871.0,414085
-73.815101,40.730722,1434537878.0,414449
122.697884,7.791311,1434537884.0,414792
-77.506365,43.118184,1434537893.0,415266
-89.840409,35.010048,1434537912.0,416264
-90.040769,30.0095,1434537914.0,416359
121.010389,14.650571,1434537958.0,418663
-122.168446,37.750795,1434537962.0,418870
-115.226057,36.008663,1434537976.0,419556
-121.823167,36.637559,1434537980.0,419778
-98.68537,27.315707,1434538000.0,420819
-87.829067,42.629017,1434538017.0,421700
-81.016245,35.450132,1434538017.0,421703
120.599005,15.608033,1434538027.0,422202
-84.047109,33.955293,1434538033.0,422536
-121.806261,37.313936,1434538038.0,422781
-95.648119,29.601239,1434538039.0,422826
123.263963,13.584753,1434538040.0,422891
-77.32654,38.56346,1434538040.0,422913
-72.199557,41.459459,1434538045.0,423179
-85.644732,42.293336,1434538049.0,423347
-98.459828,29.335757,1434538057.0,423799
-81.614021,41.517146,1434538065.0,424198
-97.127155,33.198929,1434538084.0,425161
-121.517398,38.487745,1434538103.0,426204
-122.427731,37.799713,1434538104.0,426220
-78.904208,35.925704,1434538112.0,426655
-78.947049,34.949475,1434538113.0,426704
-122.26857,37.812359,1434538114.0,426774
-73.078731,41.565133,1434538115.0,426813
-94.259232,36.066245,1434538121.0,427116
-90.552754,14.641705,1434538136.0,427875
-105.071042,39.867692,1434538139.0,428040
-79.24673,43.907603,1434538142.0,428196
-87.628135,41.901702,1434538142.0,428203
-83.916909,36.023755,1434538143.0,428261
-80.020023,35.964066,1434538156.0,428927
-78.74202,35.753877,1434538156.0,428951
-79.376783,43.706163,1434538162.0,429238
121.020012,14.651284,1434538176.0,429993
-86.538767,35.942573,1434538179.0,430138
-74.57878,40.301266,1434538186.0,430507
-81.551373,41.184091,1434538214.0,431973
121.037132,14.483599,1434538217.0,432096
-85.236564,31.562738,1434538225.0,432509
124.235459,8.214857,1434538252.0,433939
121.019967,14.630406,1434538260.0,434321
-84.224689,33.463266,1434538274.0,435061
-84.542966,34.074956,1434538275.0,435102
-97.808094,30.198731,1434538278.0,435276
-120.952199,37.672486,1434538285.0,435650
120.999114,14.586144,1434538288.0,435798
-122.940543,45.518682,1434538328.0,437878
-97.338806,32.752907,1434538334.0,438182
-73.960713,40.761032,1434538337.0,438336
-96.697091,32.489306,1434538338.0,438404
-96.566806,39.175396,1434538352.0,439143
121.159691,14.022783,1434538365.0,439823
-83.116935,42.367421,1434538368.0,439955
-122.308096,37.838103,1434538369.0,439988
-86.246096,36.767411,1434538386.0,440906
121.081407,14.623916,1434538402.0,441688
-122.274956,37.801025,1434538408.0,442017
-109.910348,22.881502,1434538419.0,442586
-77.695322,39.08893,1434538424.0,442891
-81.557084,41.564341,1434538443.0,443877
-89.990618,30.040958,1434538444.0,443880
121.166085,13.940563,1434538449.0,444180
-90.050711,35.138477,1434538456.0,444538
-87.64989,41.878074,1434538458.0,444662
-77.6548,35.346253,1434538462.0,444826
121.280302,13.175397,1434538474.0,445444
-115.921725,36.123299,1434538476.0,445568
-117.581714,34.069309,1434538487.0,446119
-81.486586,41.052982,1434538495.0,446532
-115.073286,36.138408,1434538496.0,446566
120.684323,15.033501,1434538503.0,446934
-117.894284,33.795581,1434538504.0,446981
120.950091,14.668351,1434538519.0,447763
-94.503196,39.027227,1434538519.0,447771
-77.32654,38.56346,1434538530.0,448342
-93.4549,45.528186,1434538530.0,448360
36.819533,-1.285896,1434538539.0,448798
-81.889026,27.158943,1434538539.0,448809
121.055117,14.561268,1434538539.0,448812
-122.091888,37.718021,1434538580.0,450922
-84.473867,33.565026,1434538581.0,450973
-122.940431,45.518491,1434538595.0,451723
-82.953314,42.414414,1434538602.0,452093
-84.59122,39.248293,1434538603.0,452144
121.059593,13.76387,1434538609.0,452469
-2.261206,53.472683,1434538613.0,452679
-121.906338,37.326799,1434538615.0,452753
121.002001,14.476916,1434538619.0,452964
121.02763,14.67727,1434538633.0,453702
-99.217175,19.371987,1434538639.0,454033
121.002721,14.458443,1434538641.0,454140
-95.26647,47.383142,1434538651.0,454667
-97.065411,36.480134,1434538658.0,455032
-95.131795,43.376045,1434538662.0,455199
-118.299837,33.966254,1434538671.0,455704
-122.131244,37.352005,1434538683.0,456320
-121.356082,38.577137,1434538693.0,456842
121.045562,14.589283,1434538714.0,457921
-116.450782,34.118328,1434538716.0,458012
-122.530343,37.968985,1434538716.0,458041
-170.716607,-14.311823,1434538717.0,458106
-0.199898,51.405762,1434538723.0,458373
-84.007424,34.023191,1434538727.0,458621
-61.837782,17.104576,1434538732.0,458866
78.48274,17.473142,1434538736.0,459056
-73.314399,40.739894,1434538741.0,459353
-76.6466,5.682301,1434538744.0,459494
-74.182139,40.921778,1434538747.0,459646
-97.305842,32.907615,1434538761.0,460346
-101.215348,36.860045,1434538777.0,461209
-121.377044,38.563687,1434538779.0,461323
-61.797891,17.043963,1434538794.0,462077
-122.665728,47.760033,1434538807.0,462759
27.079574,56.924257,1434538818.0,463339
-105.468939,28.184133,1434538837.0,464339
-106.29111,31.777407,1434538853.0,465130
-115.073252,36.138415,1434538855.0,465241
-83.460688,42.237436,1434538890.0,467062
-69.839419,18.477677,1434538905.0,467880
-81.5571,41.564368,1434538915.0,468382
121.073365,14.639152,1434538931.0,469213
-84.059499,33.917202,1434538934.0,469357
-70.418155,19.375535,1434538942.0,469759
144.841028,13.545375,1434538944.0,469904
-98.68537,27.315713,1434538950.0,470180
5.715487,5.53276,1434538959.0,470685
-122.842065,45.434112,1434538972.0,471336
-95.285558,32.294042,1434538972.0,471339
51.525063,25.377725,1434538977.0,471594
-58.5665,-34.878878,1434538982.0,471840
-84.591305,39.248226,1434538984.0,471983
-93.903433,29.908354,1434538986.0,472079
-122.260812,37.506263,1434539008.0,473211
-122.434479,37.761139,1434539017.0,473669
-79.449521,43.721026,1434539046.0,475198
-92.094362,32.487227,1434539056.0,475709
-121.975952,38.340711,1434539066.0,476222
-99.510175,19.290852,1434539082.0,477057
-79.726229,43.653511,1434539102.0,478101
-122.227829,47.956923,1434539113.0,478695
-122.202824,37.750361,1434539115.0,478774
-122.442302,47.253548,1434539124.0,479248
138.638118,-34.889067,1434539125.0,479275
-121.428711,37.750713,1434539135.0,479818
121.100794,14.578251,1434539144.0,480302
-122.112488,37.826384,1434539184.0,482385
-102.381302,31.904277,1434539195.0,482943
-122.202069,37.750906,1434539197.0,483045
-67.03987,10.59668,1434539217.0,484078
-94.907023,33.014735,1434539217.0,484105
-122.284636,37.527142,1434539228.0,484655
-75.970757,40.310741,1434539232.0,484851
-74.087369,40.845717,1434539254.0,486021
-91.247126,30.265235,1434539257.0,486168
-92.033567,32.536235,1434539282.0,487449
-103.220053,44.076008,1434539282.0,487468
121.020963,14.558094,1434539312.0,488999
-81.689552,41.496883,1434539327.0,489796
-79.386357,43.660051,1434539331.0,489996
-74.005875,40.739967,1434539354.0,491223
-76.770272,38.970219,1434539357.0,491384
121.00253,14.525122,1434539364.0,491751
78.482765,17.473124,1434539373.0,492218
-96.698773,32.485157,1434539375.0,492291
120.77412,15.133896,1434539390.0,493096
-98.221173,19.008362,1434539404.0,493819
-122.149137,37.458032,1434539406.0,493895
-80.210388,25.811906,1434539414.0,494328
106.784889,-6.200238,1434539418.0,494554
120.922508,14.279622,1434539425.0,494920
120.992194,14.676701,1434539429.0,495127
-70.910767,42.08678,1434539431.0,495202
120.984446,14.376309,1434539437.0,495518
-90.272884,38.590442,1434539443.0,495830
121.016527,14.551229,1434539460.0,496690
123.303155,9.308637,1434539461.0,496771
-73.734187,40.709205,1434539463.0,496884
-99.510236,19.290852,1434539465.0,496953
122.07158,6.908629,1434539471.0,497294
-87.965979,43.18409,1434539473.0,497399
-83.23945,42.244763,1434539491.0,498337
120.926591,14.351899,1434539492.0,498361
-121.893608,37.334881,1434539500.0,498783
-88.438974,41.79281,1434539513.0,499482
-81.096162,40.918919,1434539532.0,500456
-106.68869,32.4229,1434539536.0,500663
-121.852981,37.340475,1434539549.0,501344
-121.803662,39.756979,1434539563.0,502070
-122.464241,37.775255,1434539580.0,502971
-79.386363,43.660148,1434539582.0,503066
-98.467237,26.244523,1434539609.0,504488
-77.47847,25.060597,1434539627.0,505406
125.054686,7.864416,1434539630.0,505537
106.80551,-6.27943,1434539638.0,505985
-122.278156,37.79473,1434539649.0,506543
-72.199557,41.459459,1434539660.0,507100
-84.13981,33.76841,1434539684.0,508382
-118.447101,34.063141,1434539697.0,509061
-79.381343,43.70778,1434539698.0,509118
-86.770862,33.539712,1434539709.0,509658
121.162883,13.953998,1434539713.0,509894
121.546355,25.082154,1434539736.0,511071
124.248177,8.237731,1434539755.0,512077
-69.010829,18.437868,1434539759.0,512271
-86.503814,34.342373,1434539763.0,512476
-84.301283,39.819099,1434539770.0,512836
-121.594924,36.681287,1434539774.0,513046
-94.924553,38.796109,1434539796.0,514213
-79.260275,9.118347,1434539803.0,514532
-122.203052,37.750585,1434539813.0,515093
-89.94336,35.145006,1434539816.0,515226
-80.903056,33.672496,1434539819.0,515396
-122.409029,37.787311,1434539821.0,515464
-118.374498,34.094867,1434539839.0,516434
-122.681172,38.348751,1434539846.0,516796
-122.254868,37.809181,1434539862.0,517635
123.774735,10.240326,1434539874.0,518238
-89.827058,34.914138,1434539895.0,519338
-71.045166,41.907715,1434539909.0,520086
144.963,-37.8143,1434539929.0,521108
-79.449521,43.721022,1434539930.0,521168
-95.241623,29.581355,1434539932.0,521238
-121.778291,37.331581,1434539932.0,521276
-84.664165,33.679154,1434539953.0,522336
-96.843081,32.649162,1434539953.0,522343
-97.757329,30.305817,1434539962.0,522830
-58.297497,6.87483,1434539975.0,523485
37.9039,-0.0244,1434539981.0,523804
-122.202069,37.750906,1434539989.0,524229
-87.773274,41.611248,1434539989.0,524235
-80.831959,35.023516,1434539990.0,524296
-71.107011,42.504491,1434539996.0,524613
-79.509278,43.749775,1434539999.0,524737
-122.266588,37.797773,1434540004.0,525001
-69.010829,18.437868,1434540006.0,525127
91.46433,53.734355,1434540015.0,525564
-79.260245,9.118296,1434540020.0,525810
-159.35495,21.970093,1434540020.0,525846
-81.600072,41.486639,1434540037.0,526721
-89.840565,35.010096,1434540039.0,526803
-59.81035,-37.675463,1434540045.0,527163
37.9039,-0.0244,1434540063.0,528050
-95.424967,29.989398,1434540069.0,528372
-122.202786,37.750544,1434540071.0,528483
-100.277154,25.71524,1434540081.0,529022
-122.202786,37.750544,1434540103.0,530157
-80.202109,25.851681,1434540108.0,530417
121.011399,14.65202,1434540112.0,530592
-122.963037,44.974967,1434540122.0,531123
-81.689552,41.496883,1434540125.0,531308
-97.0656,36.47982,1434540148.0,532506
114.4017,3.9451,1434540150.0,532595
-122.20279,37.750454,1434540157.0,532963
-73.98082,40.728584,1434540160.0,533122
-102.84111,21.366571,1434540170.0,533643
106.848886,-6.33224,1434540172.0,533766
120.969644,15.134719,1434540187.0,534519
-122.446571,37.787579,1434540194.0,534906
76.935814,43.268664,1434540210.0,535731
-121.849319,39.720599,1434540212.0,535790
-80.911346,35.257069,1434540221.0,536294
-122.419415,37.779328,1434540222.0,536327
-121.774856,36.915976,1434540227.0,536594
-95.559079,29.921837,1434540238.0,537156
-84.595408,39.133762,1434540275.0,539102
-87.535655,38.059296,1434540284.0,539545
-121.92074,37.30005,1434540292.0,539977
-80.677524,28.197892,1434540293.0,539996
-77.062453,39.053097,1434540344.0,542678
-75.187811,39.953757,1434540349.0,542968
73.006736,19.135135,1434540353.0,543157
-118.308126,34.04798,1434540356.0,543320
-97.918523,26.154534,1434540361.0,543580
120.969636,15.134703,1434540371.0,544092
-121.93242,37.36303,1434540384.0,544782
-94.959957,32.962831,1434540386.0,544853
-90.454717,14.671403,1434540390.0,545076
-122.444081,37.723624,1434540402.0,545716
-78.801003,42.91758,1434540409.0,546054
-118.547671,34.377309,1434540412.0,546195
-87.938012,41.789238,1434540431.0,547222
-90.141652,38.698574,1434540435.0,547437
-125.240187,49.967811,1434540439.0,547615
-87.572694,41.617122,1434540440.0,547697
-70.664135,-33.34735,1434540441.0,547718
-158.03879,21.401471,1434540444.0,547870
-76.169849,36.834776,1434540447.0,548030
-89.757594,35.155715,1434540449.0,548134
-121.880251,37.334975,1434540454.0,548382
142.578797,44.94136,1434540463.0,548870
122.074,6.91028,1434540475.0,549486
-73.915015,40.803938,1434540480.0,549761
-96.623191,32.79764,1434540505.0,551048
-73.962724,40.658486,1434540508.0,551224
-1.080158,54.608185,1434540514.0,551527
-122.269734,37.8085,1434540537.0,552683
-75.166455,39.939978,1434540544.0,553099
-122.414876,37.786783,1434540545.0,553140
-122.414876,37.786783,1434540546.0,553161
