long,lat,time,code
110.367249,-7.81286,1434537923.0,425
-122.202069,37.750906,1434537929.0,697
-110.668447,35.92184,1434537932.0,852
-97.338764,32.752881,1434537934.0,971
-90.270291,38.550814,1434537961.0,2370
-40.492494,-20.654893,1434537964.0,2545
-81.209254,28.593871,1434537965.0,2555
-86.679224,12.338867,1434538009.0,4877
-81.016245,35.450132,1434538017.0,5276
120.573322,15.665493,1434538044.0,6672
114.4017,3.9451,1434538045.0,6723
-80.276121,26.170742,1434538046.0,6781
-73.013035,-36.819247,1434538050.0,6994
-82.436292,28.199282,1434538078.0,8403
-122.407044,37.799091,1434538086.0,8822
-88.017835,43.035197,1434538135.0,11374
-73.925341,40.661908,1434538143.0,11781
118.740114,9.787839,1434538145.0,11899
-68.005162,10.244069,1434538155.0,12448
-84.673427,9.988128,1434538174.0,13389
125.172255,10.264231,1434538176.0,13494
121.003152,14.601124,1434538219.0,15744
-157.945343,21.38471,1434538237.0,16700
-122.202069,37.750906,1434538252.0,17460
-122.304298,38.325762,1434538255.0,17622
-83.702822,9.385775,1434538255.0,17632
-71.21648,42.356181,1434538275.0,18629
-122.41154,37.771814,1434538276.0,18714
-91.604371,41.695501,1434538304.0,20171
-97.338806,32.752907,1434538334.0,21702
121.063324,14.618754,1434538336.0,21819
-122.594583,45.340596,1434538344.0,22186
29.112351,40.950032,1434538350.0,22486
-81.791796,32.472379,1434538353.0,22649
-68.00516,10.244036,1434538367.0,23374
-51.191643,-30.012688,1434538380.0,24034
-87.965997,43.184103,1434538382.0,24137
-81.557084,41.564341,1434538443.0,27307
121.166085,13.940563,1434538449.0,27607
-87.730967,41.735936,1434538456.0,27957
-118.291143,34.056329,1434538458.0,28080
-89.649037,21.023779,1434538467.0,28523
-83.526184,34.605941,1434538475.0,28949
-89.629938,39.751384,1434538480.0,29187
-74.0514,4.768889,1434538494.0,29877
121.658103,18.309016,1434538499.0,30096
106.730334,-6.558563,1434538512.0,30700
121.002802,14.516311,1434538539.0,32078
-118.435338,34.135158,1434538539.0,32095
-88.322949,41.791235,1434538545.0,32375
-78.985054,35.174996,1434538546.0,32467
-84.095762,9.94213,1434538548.0,32550
-70.964457,42.209002,1434538553.0,32791
-122.275095,37.800962,1434538559.0,33091
-118.415968,33.980087,1434538560.0,33179
-95.369606,29.756953,1434538586.0,34382
-85.129197,41.206873,1434538586.0,34404
-90.531386,14.621361,1434538591.0,34679
121.003152,14.601124,1434538615.0,35842
2.448623,48.74352,1434538616.0,35878
-87.628097,41.901427,1434538617.0,35929
-121.595352,36.683203,1434538651.0,37626
-58.987841,-27.461236,1434538653.0,37728
-121.937335,37.408324,1434538656.0,37893
-87.513897,38.08533,1434538660.0,38138
-80.131166,25.930671,1434538702.0,40313
-114.239108,51.117486,1434538703.0,40368
-117.274666,33.023987,1434538713.0,40871
-35.76369,-9.661358,1434538724.0,41473
-80.790824,35.198977,1434538725.0,41510
-80.185379,25.769281,1434538733.0,41910
-122.025261,38.282495,1434538735.0,42029
-71.21815,18.7978,1434538774.0,44057
102.751915,17.862812,1434538847.0,47855
-122.435935,37.75353,1434538871.0,49087
-121.960771,37.530504,1434538874.0,49276
-81.689552,41.496883,1434538878.0,49488
-75.800886,36.295643,1434538890.0,50102
-114.049868,51.172367,1434538943.0,52846
-81.889271,41.44885,1434538951.0,53255
-93.903433,29.908354,1434538986.0,55094
-74.293314,40.818182,1434538998.0,55687
-73.925966,40.863506,1434539028.0,57257
-79.847324,40.365509,1434539041.0,57955
121.100794,14.578251,1434539044.0,58118
36.895194,-1.2739,1434539054.0,58615
106.730334,-6.558563,1434539058.0,58826
-121.975952,38.340711,1434539066.0,59232
-88.996212,42.398674,1434539094.0,60698
-122.202786,37.750544,1434539117.0,61871
-95.249849,29.855833,1434539132.0,62660
121.100794,14.578251,1434539144.0,63299
-117.242473,33.69923,1434539164.0,64324
-95.218649,33.473918,1434539164.0,64340
106.730334,-6.558563,1434539167.0,64497
-101.940797,35.188131,1434539174.0,64840
-122.179312,37.755462,1434539180.0,65161
-91.523023,14.839417,1434539211.0,66785
-70.964539,42.209052,1434539211.0,66798
-97.731237,30.240016,1434539253.0,68969
-77.032372,38.932232,1434539283.0,70490
-117.155645,32.708505,1434539287.0,70706
-122.254631,37.799305,1434539290.0,70877
-73.985512,40.73214,1434539302.0,71481
-111.927511,40.734156,1434539306.0,71708
-122.202069,37.750906,1434539313.0,72093
-118.46315,34.41321,1434539348.0,73885
-81.689552,41.496883,1434539367.0,74860
-96.698773,32.485157,1434539375.0,75279
-122.149137,37.458032,1434539406.0,76899
-64.662473,10.155571,1434539445.0,78909
-73.89138,40.645813,1434539467.0,80091
-118.268182,34.044382,1434539495.0,81538
-88.042855,41.717628,1434539554.0,84592
-88.813804,35.663444,1434539569.0,85371
-72.283498,18.497602,1434539580.0,85964
-79.386363,43.660148,1434539582.0,86041
-80.20196,25.851692,1434539586.0,86249
27.506296,-21.175564,1434539591.0,86523
-99.412593,37.920471,1434539591.0,86533
-121.595048,36.682094,1434539625.0,88299
125.054686,7.864416,1434539630.0,88536
-71.21637,42.35634,1434539636.0,88839
120.993325,14.590101,1434539652.0,89687
-105.07298,39.690746,1434539668.0,90555
-122.089642,37.6529,1434539673.0,90801
-73.891334,40.645791,1434539688.0,91566
-81.557117,41.56434,1434539707.0,92539
25.897476,-24.65384,1434539741.0,94317
-122.279242,37.8001,1434539743.0,94395
-70.076525,19.646045,1434539743.0,94440
-122.069848,37.359567,1434539752.0,94869
-122.202824,37.750361,1434539809.0,97837
-121.897997,37.417952,1434539834.0,99134
-80.738782,41.259287,1434539865.0,100764
-122.408737,37.750847,1434539882.0,101620
153.016677,-27.444024,1434539890.0,102037
-3.646102,40.456327,1434539900.0,102559
-109.518518,31.326148,1434539903.0,102710
-57.497679,-25.267453,1434539929.0,104046
-73.949261,40.826656,1434539930.0,104125
-117.271452,32.813362,1434539931.0,104181
-43.350842,-21.75527,1434539956.0,105463
-97.757329,30.305817,1434539962.0,105776
-104.641401,24.005199,1434539973.0,106297
-58.297497,6.87483,1434539975.0,106414
-81.544252,28.350029,1434540008.0,108088
-79.325053,43.799311,1434540043.0,109879
-75.116915,41.48115,1434540050.0,110267
-98.685371,27.315705,1434540052.0,110353
-94.921258,38.820798,1434540068.0,111163
-99.1329,19.4319,1434540141.0,114952
-69.010829,18.437868,1434540148.0,115257
-122.412044,37.769744,1434540173.0,116546
-46.763798,-23.516965,1434540178.0,116848
-64.662474,10.155571,1434540196.0,117757
-73.980499,40.676762,1434540215.0,118731
-122.342256,37.96392,1434540239.0,120012
-118.390964,33.977488,1434540269.0,121499
-74.004172,40.742297,1434540322.0,124263
-122.249145,37.808259,1434540333.0,124814
-64.662475,10.155569,1434540355.0,125953
-121.93242,37.36303,1434540384.0,127487
-72.758526,41.760092,1434540390.0,127771
-90.454717,14.671403,1434540390.0,127787
-118.463156,34.413162,1434540393.0,127930
-122.392206,37.778184,1434540413.0,128955
142.578797,44.94136,1434540413.0,128970
-70.664135,-33.34735,1434540441.0,130386
-122.502122,37.753812,1434540449.0,130812
142.578797,44.94136,1434540463.0,131526
-122.202786,37.750544,1434540469.0,131791
-73.962724,40.658486,1434540508.0,133812
